1412031454436020230
1412162782083043331
1412172563220946946
1412178119985750017
1412385729804709890
1412435740106145801
1412411970540691471
1412461675345707013
1412461449243291651
1412513518465785860
1412513082023288840
1412512640119803905
1412509804027953156
1412556933882580995
1412555942907068421
1412697258655682561
1413571240825167878
1413571240825167878
1414170228934811648
1414941620789813250
1414952409168810002
1414982145815232513
1415016459416244224
1415041728919261186
1415061601720352769
1415041728919261186
1415710190930964480
1417494414344310794
1417541392637771782
