1412031454436020230
1412028042306805764
1412036268196777989
1412026916815650819
1412030159264309248
1412039379481137152
1412052315285098517
1412052552368132100
1412033419513585665
1412048846184718341
1412047659926495234
1412025924883816453
1412052797634355203
1412044882038988800
1412039381725102080
1412055196717432833
1412047657833488384
1412044883330752512
1412033544139022338
1412049747410571268
1412039380571656195
1412036767440637957
1412035560009605125
1412055198932127746
1412044879425945600
1412046113625018368
1412034045924589571
1412049748727578626
1412055199959687169
1412047656134844424
1412062703376609283
1412067435595931653
1412077017114292226
1412071307982819333
1412067452800827400
1412075870408282112
1412060996659728387
1412055476464930819
1412075865450684423
1412072110005133317
1412075869250727936
1412075868021735428
1412060995267268608
1412070700475682818
1412069584161628162
