14125559429070684211423830567397728259
1423962788368502791
1423889471808802816
1423889724561793028
1424055279184879620
1424056186437980162
1423980112198897667
1423979859647336455
1423979607292841984
1424252473737351168
1424371641350492162
1424252169457438720
1424797400481222656
1424796489834909713
1424734569429827588
1425066369788391428
1425098902781444100
1425097983373217807
1425368941493358595
1425522022637920258
1425428848615858176
1425460191848509445
1425521719091949570
1425853203070046213
1425823308616929280
1425822390613798926
1426244614302969858
1426245220094578695
1426214148774453251
1426546873863704583
1426576653401018372
1426636887020670983
1426637189878853638
1426637493085081604
1426546265073008645
1426940325994500096
1426818611675500549
1427000586302599170
1426999979130990593
1426939416203849729
1427334029624320003
1427333727164649472
1427333423996149760
1427303382721736704
1427241132073787395
1427302472943538181
1428419903636361225
1428360021738356744
1428360626305343490
1428359718569844741
1428329378639908874
1428722615473086468
1428631726188863494
1428661444950757376
1428812085023043587
1428813898375827457
1429022903794814977
1429143426566610944
1429053866218180611
1429113859722424323
1429054169428619267
1429113252944941066
1429387141600133120
1429354952451760130
1429416248945823746
1429415341407539208
1429536635025301516
1429505475444453380
